#RPLIDAR SCAN DATA
#COUNT=541
#Angule	Distance	Quality
359.8572 2953.0 188
0.2637 2945.0 188
0.6537 2942.0 188
1.0602 2948.0 188
1.4502 2951.0 188
1.8567 2952.0 188
2.2467 2957.0 188
2.6532 2961.0 188
3.0432 2980.0 188
3.4497 3008.0 188
3.8397 3003.0 188
6.2292 2984.0 188
6.6248 2980.0 188
7.0312 2990.0 188
7.4213 3008.0 188
7.8278 3029.0 188
8.2178 3049.0 188
8.6243 3033.0 188
9.0143 2999.0 188
9.4208 2999.0 188
9.8108 3024.0 188
10.2173 3023.0 188
10.6073 3004.0 188
11.0138 3008.0 188
11.4038 3024.0 188
11.8103 3034.0 188
12.2003 3038.0 188
12.6068 3035.0 188
16.1554 3019.0 188
16.5454 3021.0 188
16.9354 3113.0 188
17.3254 3126.0 188
20.4840 884.0 188
20.8740 882.0 188
21.2640 877.0 188
23.6206 2634.0 188
24.0106 2619.0 188
25.9827 1929.0 188
26.3727 1935.0 188
26.7627 1945.0 188
27.1692 1952.0 188
27.5592 1960.0 188
27.9492 1968.0 188
28.3392 1978.0 188
28.7292 1980.0 188
29.1357 1957.0 188
29.5148 1923.0 188
29.9048 1904.0 188
30.2948 1905.0 188
30.6848 1909.0 188
31.0748 1901.0 188
31.4648 1879.0 188
31.8549 1852.0 188
32.2449 1828.0 188
32.6404 1812.0 188
33.0304 1804.0 188
33.4204 1796.0 188
33.8104 1777.0 188
34.2004 1753.0 188
34.5905 1740.0 188
34.9805 1744.0 188
35.3705 1752.0 188
35.7605 1756.0 188
36.1560 1759.0 188
36.5460 1768.0 188
36.9196 1779.0 188
37.3096 1789.0 188
37.6996 1805.0 188
38.4796 1716.0 188
40.0452 1134.0 188
40.4352 1131.0 188
40.8252 1131.0 188
43.1708 1403.0 188
43.5608 1399.0 188
43.9508 1391.0 188
44.3408 1387.0 188
44.7308 1381.0 188
45.1208 1369.0 188
45.5109 1360.0 188
45.9009 1349.0 188
46.2964 1325.0 188
46.6864 1301.0 188
47.0764 1292.0 188
47.4664 1295.0 188
47.8564 1299.0 188
48.2465 1303.0 188
48.6365 1306.0 188
49.0265 1303.0 188
49.4165 1304.0 188
49.8120 1309.0 188
50.2020 1308.0 188
50.9821 1223.0 188
51.3721 1220.0 188
51.7621 1215.0 188
52.1521 1210.0 188
54.5142 392.0 188
54.9042 392.0 188
55.2942 390.0 188
55.6842 386.0 188
56.0742 385.0 188
56.4642 383.0 188
56.8542 381.0 188
57.2498 381.0 188
57.6398 380.0 188
58.0298 379.0 188
58.4198 377.0 188
58.8098 376.0 188
59.1998 377.0 188
59.9799 371.0 188
60.3864 364.0 188
60.7764 364.0 188
61.1719 364.0 188
61.5619 365.0 188
61.9684 367.0 188
62.3584 368.0 188
62.7484 365.0 188
63.1549 359.0 188
63.5449 359.0 188
64.3414 357.0 188
64.7314 353.0 188
65.1215 352.0 188
65.5280 351.0 188
65.9180 349.0 188
66.3080 351.0 188
67.1045 350.0 188
67.5000 350.0 188
67.9010 354.0 188
68.2965 355.0 188
69.0930 350.0 188
69.4830 348.0 188
69.8730 352.0 188
70.6696 347.0 188
71.0596 343.0 188
71.4661 345.0 188
71.8561 345.0 188
72.2461 344.0 188
72.6526 345.0 188
73.0426 347.0 188
73.4326 348.0 188
73.8391 351.0 188
74.2291 353.0 188
74.6246 353.0 188
75.0146 353.0 188
75.4211 357.0 188
76.2177 353.0 188
76.6077 350.0 188
76.9977 355.0 188
77.3877 360.0 188
78.1677 358.0 188
78.5577 354.0 188
78.9478 354.0 188
79.3542 354.0 188
79.7498 353.0 188
80.1398 354.0 188
80.5298 356.0 188
80.9198 356.0 188
81.3098 354.0 188
81.6998 352.0 188
82.0898 351.0 188
82.4963 350.0 188
82.8864 349.0 188
83.2764 350.0 188
83.6719 350.0 188
84.0619 350.0 188
84.4519 352.0 188
84.8419 353.0 188
85.2319 353.0 188
85.6384 352.0 188
86.0284 352.0 188
86.4185 354.0 188
87.1985 352.0 188
87.5885 348.0 188
87.9840 352.0 188
88.3740 357.0 188
88.7805 359.0 188
89.1705 357.0 188
89.5605 355.0 188
89.9506 351.0 188
90.7306 352.0 188
91.1206 354.0 188
91.5106 352.0 188
91.9171 353.0 188
92.3071 354.0 188
92.7026 353.0 188
93.0927 351.0 188
93.4827 349.0 188
93.8727 348.0 188
94.2627 348.0 188
94.6527 348.0 188
95.0427 350.0 188
95.4327 348.0 188
95.8228 345.0 188
96.2292 345.0 188
96.6248 342.0 188
97.0148 338.0 188
97.4048 333.0 188
97.7948 330.0 188
98.1848 332.0 188
98.5748 335.0 188
98.9648 339.0 188
99.3549 340.0 188
99.7449 337.0 188
100.1514 334.0 188
100.5469 333.0 188
100.9369 333.0 188
101.3269 332.0 188
102.1069 335.0 188
102.4969 341.0 188
102.8870 344.0 188
103.2770 343.0 188
104.0735 349.0 188
104.4635 356.0 188
104.8590 352.0 188
105.6390 343.0 188
106.0291 339.0 188
106.4191 342.0 188
106.8091 341.0 188
107.6056 345.0 188
107.9956 351.0 188
108.3856 351.0 188
108.7811 350.0 188
109.1711 349.0 188
109.5612 351.0 188
109.9677 354.0 188
110.3577 356.0 188
110.7477 356.0 188
111.5277 353.0 188
112.3242 356.0 188
112.7142 362.0 188
113.4998 356.0 188
113.9062 355.0 188
114.2963 360.0 188
114.6863 362.0 188
115.0763 364.0 188
115.4663 365.0 188
115.8728 363.0 188
116.2628 363.0 188
116.6528 361.0 188
117.0428 360.0 188
117.4329 361.0 188
117.8394 364.0 188
118.2294 369.0 188
118.6249 373.0 188
119.0149 372.0 188
119.4049 373.0 188
119.8114 374.0 188
120.2014 376.0 188
120.5914 379.0 188
120.9814 380.0 188
121.3715 380.0 188
121.7780 380.0 188
122.1680 381.0 188
122.5580 381.0 188
122.9480 379.0 188
123.3545 380.0 188
124.1400 386.0 188
124.5300 393.0 188
124.9200 396.0 188
126.8866 1921.0 188
127.2766 1925.0 188
127.6831 1936.0 188
128.4686 2102.0 188
128.8586 2116.0 188
129.2487 2133.0 188
129.6552 2137.0 188
130.0452 2143.0 188
130.4352 2161.0 188
131.6217 2031.0 188
133.1873 1377.0 188
133.5938 1373.0 188
133.9838 1362.0 188
134.3738 1357.0 188
134.7638 1367.0 188
135.1538 1384.0 188
137.5269 1227.0 188
137.9169 1225.0 188
138.3124 1220.0 188
139.4989 1211.0 188
139.8889 1198.0 188
140.2789 1190.0 188
140.6689 1181.0 188
141.0590 1164.0 188
141.4490 1153.0 188
141.8555 1145.0 188
142.2455 1136.0 188
142.6355 1127.0 188
143.4210 1094.0 188
143.8110 1054.0 188
151.2762 1021.0 188
151.6718 1012.0 188
152.0618 1031.0 188
152.4683 1044.0 188
152.8583 1051.0 188
153.2483 1047.0 188
153.6383 1041.0 188
156.7969 428.0 188
157.1869 424.0 188
158.7634 393.0 188
171.3702 232.0 188
171.7603 234.0 188
173.7158 228.0 188
174.1058 219.0 188
175.2759 218.0 188
176.0614 212.0 188
177.2314 206.0 188
177.6215 205.0 188
178.0115 203.0 188
178.4015 204.0 188
178.7915 206.0 188
179.1870 207.0 188
179.9670 204.0 188
180.3571 202.0 188
180.7471 204.0 188
181.1371 205.0 188
181.5271 208.0 188
182.3071 207.0 188
183.4827 208.0 188
183.8727 214.0 188
200.7916 4371.0 188
201.1871 4380.0 188
201.5771 4403.0 188
205.1202 1573.0 188
205.5103 1588.0 188
205.9058 1620.0 188
206.3123 1644.0 188
210.2454 244.0 188
211.4209 238.0 188
211.8109 234.0 188
216.5460 1031.0 188
216.9360 1038.0 188
217.3260 1036.0 188
218.1226 1009.0 188
218.5126 993.0 188
219.2926 976.0 188
219.6826 952.0 188
220.0781 947.0 188
220.4791 951.0 188
220.8746 959.0 188
221.2646 958.0 188
221.6547 949.0 188
222.0447 940.0 188
222.4347 931.0 188
222.8247 917.0 188
223.2312 909.0 188
224.7968 908.0 188
225.1868 900.0 188
225.5768 888.0 188
225.9833 880.0 188
226.3733 878.0 188
226.7633 880.0 188
227.1533 871.0 188
227.5433 863.0 188
227.9333 869.0 188
228.3398 872.0 188
228.7299 864.0 188
229.1199 855.0 188
229.5154 850.0 188
229.9054 845.0 188
230.2954 843.0 188
230.6854 842.0 188
231.0919 838.0 188
231.4819 833.0 188
232.2620 818.0 188
233.8385 935.0 188
234.2340 932.0 188
234.6240 929.0 188
235.0140 930.0 188
235.4041 935.0 188
235.8105 944.0 188
236.2006 951.0 188
236.5906 953.0 188
236.9806 958.0 188
237.3706 962.0 188
238.5571 849.0 188
238.9526 844.0 188
245.6543 1249.0 188
246.0443 1248.0 188
246.8243 1235.0 188
247.2144 1224.0 188
247.6208 1221.0 188
248.0109 1211.0 188
248.4009 1202.0 188
248.7964 1201.0 188
249.2029 1203.0 188
251.5594 1808.0 188
252.7460 2005.0 188
253.1360 2006.0 188
255.1080 3103.0 188
255.4980 3097.0 188
260.6232 3072.0 188
261.0132 3036.0 188
261.4032 3019.0 188
261.8097 3032.0 188
266.1383 4031.0 188
266.5283 4016.0 188
268.8904 3159.0 188
270.8569 5502.0 188
271.2469 5499.0 188
271.6370 5497.0 188
272.0270 5499.0 188
272.4170 5500.0 188
272.8125 5500.0 188
273.2135 5503.0 188
273.6090 5508.0 188
274.7791 1822.0 188
275.1691 1823.0 188
275.5756 1828.0 188
279.4977 1163.0 188
282.2607 1864.0 188
282.6562 1866.0 188
285.4358 784.0 188
285.8258 786.0 188
286.2323 792.0 188
286.6223 798.0 188
287.0288 798.0 188
289.7919 1155.0 188
290.1984 1153.0 188
294.9500 813.0 188
295.7465 821.0 188
296.1365 825.0 188
296.5430 825.0 188
296.9330 840.0 188
297.7185 841.0 188
298.1085 838.0 188
298.4985 844.0 188
298.8885 844.0 188
299.2950 843.0 188
299.6851 841.0 188
300.0751 841.0 188
300.4651 841.0 188
300.8551 844.0 188
301.2451 850.0 188
301.6406 848.0 188
302.4371 860.0 188
302.8271 885.0 188
303.2172 891.0 188
303.6072 878.0 188
303.9972 867.0 188
304.7937 891.0 188
305.1837 909.0 188
305.5737 903.0 188
306.3593 927.0 188
306.7493 958.0 188
307.1558 960.0 188
307.5458 966.0 188
308.3258 964.0 188
308.7158 954.0 188
309.4958 967.0 188
309.9023 983.0 188
311.4679 1012.0 188
311.8579 1047.0 188
312.2644 1049.0 188
312.6544 1045.0 188
313.0444 1049.0 188
313.4344 1043.0 188
314.2310 1049.0 188
314.6210 1070.0 188
315.0110 1070.0 188
315.8075 1079.0 188
316.2030 1086.0 188
316.5930 1078.0 188
317.3895 1100.0 188
318.5760 1129.0 188
318.9661 1145.0 188
319.3561 1154.0 188
319.7461 1147.0 188
320.5426 1163.0 188
320.9326 1196.0 188
321.3281 1214.0 188
321.7291 1220.0 188
322.1246 1207.0 188
322.5146 1197.0 188
322.9047 1204.0 188
323.3112 1203.0 188
323.7012 1191.0 188
324.0912 1180.0 188
324.4812 1170.0 188
324.8877 1165.0 188
325.2777 1170.0 188
326.4642 1319.0 188
326.8542 1321.0 188
327.2498 1310.0 188
327.6398 1288.0 188
328.0463 1281.0 188
328.4363 1289.0 188
330.8093 2874.0 188
331.1993 2869.0 188
331.5894 2860.0 188
331.9958 2853.0 188
332.3859 2849.0 188
332.7759 2863.0 188
334.7644 2098.0 188
335.1544 2103.0 188
335.5609 2101.0 188
335.9509 2084.0 188
336.3409 2063.0 188
337.1375 1941.0 188
337.5275 1945.0 188
339.5105 3205.0 188
339.9060 3198.0 188
341.0925 2485.0 188
341.4990 2487.0 188
342.6691 2750.0 188
343.0756 2748.0 188
343.8721 2603.0 188
344.6521 2719.0 188
345.8386 3061.0 188
346.2341 3061.0 188
346.6241 3059.0 188
347.0306 3049.0 188
347.4207 3036.0 188
347.8107 3030.0 188
348.2007 3025.0 188
348.6072 3020.0 188
348.9972 3018.0 188
349.3872 3018.0 188
349.7772 3014.0 188
350.1837 3008.0 188
350.5737 3004.0 188
350.9637 3002.0 188
351.3593 2998.0 188
351.7603 2996.0 188
352.1558 2992.0 188
352.5458 2992.0 188
352.9358 2993.0 188
353.3423 2993.0 188
353.7323 2986.0 188
354.1223 2975.0 188
354.5123 2971.0 188
354.9188 2971.0 188
355.3088 2977.0 188
355.6989 2980.0 188
356.0889 2978.0 188
356.4954 2974.0 188
356.8854 2966.0 188
357.2809 2956.0 188
357.6709 2952.0 188
358.0774 2951.0 188
358.4674 2951.0 188
358.8574 2949.0 188
359.2474 2946.0 188
