#RPLIDAR SCAN DATA
#COUNT=586
#Angule	Distance	Quality
359.7968 2849.0 188
0.1978 2850.0 188
0.5933 2850.0 188
0.9833 2845.0 188
1.3733 2841.0 188
1.7798 2842.0 188
2.1698 2842.0 188
2.5598 2839.0 188
2.9498 2834.0 188
3.3563 2836.0 188
3.7463 2846.0 188
4.1364 2850.0 188
4.5428 2843.0 188
4.9329 2846.0 188
5.3229 2862.0 188
5.7184 2869.0 188
6.1249 2863.0 188
6.5149 2866.0 188
6.9049 2883.0 188
7.3114 2887.0 188
7.7014 2875.0 188
8.0914 2876.0 188
8.4814 2898.0 188
8.8715 2909.0 188
12.3871 1382.0 188
12.7771 1375.0 188
13.1671 1371.0 188
14.7327 1716.0 188
15.1227 1717.0 188
15.5127 1721.0 188
15.9027 1725.0 188
16.2927 1728.0 188
16.6827 1726.0 188
17.0728 1722.0 188
17.4683 1725.0 188
17.8583 1733.0 188
18.2483 1736.0 188
18.6383 1740.0 188
19.0283 1748.0 188
19.4183 1745.0 188
19.8083 1746.0 188
20.1984 1750.0 188
20.5884 1751.0 188
20.9839 1762.0 188
21.3739 1772.0 188
21.7639 1772.0 188
22.1539 1775.0 188
22.5439 1788.0 188
22.9504 1794.0 188
23.3240 1784.0 188
24.4995 1768.0 188
24.8895 1756.0 188
25.2795 1753.0 188
25.6696 1758.0 188
26.0596 1764.0 188
26.4496 1770.0 188
27.2296 1882.0 188
27.6196 1884.0 188
29.5587 728.0 188
29.9487 729.0 188
30.3387 729.0 188
33.0743 1530.0 188
33.4479 1533.0 188
33.8434 1542.0 188
34.2334 1552.0 188
34.6234 1561.0 188
35.0134 1568.0 188
35.4034 1571.0 188
38.1390 1491.0 188
38.5291 1495.0 188
39.2926 1473.0 188
41.2482 625.0 188
41.6382 617.0 188
42.4017 594.0 188
42.7917 576.0 188
43.1873 573.0 188
43.5773 573.0 188
43.9673 573.0 188
44.3573 571.0 188
44.7473 569.0 188
45.1208 564.0 188
45.5109 561.0 188
45.9009 561.0 188
46.2964 562.0 188
46.6864 561.0 188
47.0764 558.0 188
47.4664 557.0 188
47.8564 555.0 188
48.2300 555.0 188
48.6200 559.0 188
49.4055 555.0 188
50.5756 549.0 188
50.9656 554.0 188
51.3391 557.0 188
51.7291 556.0 188
52.1246 557.0 188
52.5146 556.0 188
52.9047 553.0 188
53.2947 556.0 188
53.6847 560.0 188
54.0747 557.0 188
54.4482 552.0 188
55.2338 555.0 188
55.6238 558.0 188
56.0138 554.0 188
56.4038 552.0 188
56.7938 551.0 188
57.1838 554.0 188
57.5574 557.0 188
57.9529 555.0 188
58.3429 553.0 188
58.7329 558.0 188
59.1229 563.0 188
59.5129 561.0 188
59.9030 562.0 188
60.2930 566.0 188
60.6665 566.0 188
61.0620 562.0 188
61.4520 560.0 188
61.8420 563.0 188
62.2321 567.0 188
63.0121 576.0 188
63.4021 586.0 188
63.7811 591.0 188
64.1711 599.0 188
64.5612 604.0 188
64.9512 608.0 188
65.3412 610.0 188
65.7312 616.0 188
66.1212 625.0 188
66.5112 633.0 188
68.0603 657.0 188
72.7625 323.0 188
73.9490 315.0 188
74.3390 307.0 188
74.7290 307.0 188
75.1355 310.0 188
75.5310 311.0 188
75.9210 309.0 188
76.3110 310.0 188
76.7175 314.0 188
77.4976 310.0 188
77.8876 304.0 188
78.2776 304.0 188
78.6841 304.0 188
79.0741 305.0 188
79.4641 306.0 188
79.8541 306.0 188
80.2606 305.0 188
80.6561 305.0 188
81.0461 305.0 188
81.4362 305.0 188
81.8262 308.0 188
82.2327 312.0 188
82.6227 316.0 188
83.0127 316.0 188
83.4027 313.0 188
84.1992 306.0 188
84.5892 303.0 188
84.9792 308.0 188
85.3857 313.0 188
85.7648 316.0 188
86.1548 314.0 188
86.5448 311.0 188
86.9348 311.0 188
87.3248 313.0 188
87.7148 312.0 188
88.1049 312.0 188
88.8904 309.0 188
89.2804 305.0 188
89.6704 306.0 188
90.0604 306.0 188
90.4504 307.0 188
90.8405 310.0 188
91.2305 312.0 188
92.0105 311.0 188
92.4060 311.0 188
92.7960 317.0 188
93.1696 318.0 188
93.5596 313.0 188
94.3396 312.0 188
94.7296 316.0 188
95.1196 317.0 188
95.5151 318.0 188
95.9052 317.0 188
96.2952 316.0 188
96.6852 313.0 188
97.0752 312.0 188
97.4652 315.0 188
97.8552 318.0 188
98.2452 318.0 188
98.6353 314.0 188
99.0308 310.0 188
99.4208 310.0 188
99.8108 309.0 188
100.2008 308.0 188
100.5908 306.0 188
101.3708 310.0 188
101.7609 316.0 188
102.9364 316.0 188
103.3264 316.0 188
103.7164 320.0 188
104.1064 325.0 188
104.4965 326.0 188
104.8865 327.0 188
105.2765 331.0 188
106.4520 332.0 188
107.2321 340.0 188
108.0121 339.0 188
108.4021 330.0 188
108.7921 330.0 188
109.1821 328.0 188
109.5776 327.0 188
109.9677 329.0 188
110.3577 331.0 188
110.7477 331.0 188
111.1377 331.0 188
111.5277 331.0 188
112.3077 338.0 188
112.6978 343.0 188
113.0933 340.0 188
113.4833 340.0 188
113.8733 341.0 188
115.0433 342.0 188
115.4333 342.0 188
115.8234 341.0 188
116.2134 341.0 188
116.6199 343.0 188
117.0154 345.0 188
117.4054 347.0 188
117.7954 347.0 188
118.1854 348.0 188
118.5754 352.0 188
118.9655 353.0 188
119.3555 353.0 188
119.7455 354.0 188
120.1355 354.0 188
120.5310 355.0 188
121.3110 361.0 188
121.7010 366.0 188
122.0911 366.0 188
122.4811 368.0 188
122.8711 372.0 188
123.2611 374.0 188
124.0466 382.0 188
124.4366 390.0 188
124.8267 389.0 188
125.2167 389.0 188
125.6067 390.0 188
126.3867 388.0 188
126.7767 387.0 188
127.1667 390.0 188
127.9523 397.0 188
128.3423 405.0 188
128.7323 405.0 188
129.1223 409.0 188
129.5123 414.0 188
132.6215 1905.0 188
133.0115 1902.0 188
133.4015 1892.0 188
133.7915 1876.0 188
134.1870 1859.0 188
135.7471 1326.0 188
136.1371 1323.0 188
136.5271 1321.0 188
136.9171 1326.0 188
137.3071 1335.0 188
138.8727 1173.0 188
139.2627 1174.0 188
139.6527 1170.0 188
140.0427 1161.0 188
140.4327 1154.0 188
140.8228 1155.0 188
141.2183 1153.0 188
141.6083 1142.0 188
141.9983 1128.0 188
143.1683 1107.0 188
150.9796 971.0 188
151.7651 981.0 188
152.1552 989.0 188
152.5452 991.0 188
152.9352 996.0 188
153.3252 996.0 188
153.7152 991.0 188
154.1052 987.0 188
154.4952 986.0 188
154.8853 973.0 188
158.0273 337.0 188
159.2029 334.0 188
170.1562 146.0 188
170.5463 146.0 188
171.7163 153.0 188
176.0120 145.0 188
176.4020 130.0 188
179.1541 127.0 188
179.5276 124.0 188
179.9176 123.0 188
181.4832 124.0 188
183.0267 128.0 188
188.4814 142.0 188
189.6405 151.0 188
202.5000 1592.0 188
202.8900 1591.0 188
203.2800 1590.0 188
203.6700 1590.0 188
204.0601 1594.0 188
204.4501 1603.0 188
204.8401 1613.0 188
205.2301 1624.0 188
205.6201 1635.0 188
206.0156 1637.0 188
206.4056 1636.0 188
206.7957 1638.0 188
207.1857 1631.0 188
207.5757 1613.0 188
214.6069 1072.0 188
214.9969 1076.0 188
215.3870 1083.0 188
215.7770 1092.0 188
216.1670 1100.0 188
216.5625 1107.0 188
216.9525 1115.0 188
217.3425 1122.0 188
217.7325 1128.0 188
218.1226 1136.0 188
218.5126 1143.0 188
218.9026 1147.0 188
219.2926 1148.0 188
219.6826 1149.0 188
220.0781 1159.0 188
220.4681 1172.0 188
220.8582 1182.0 188
221.2482 1189.0 188
221.6382 1186.0 188
222.0282 1190.0 188
222.4182 1201.0 188
222.8082 1206.0 188
223.1982 1220.0 188
223.5938 1249.0 188
224.7638 1272.0 188
225.1538 1275.0 188
225.9503 1288.0 188
226.3239 1290.0 188
226.7139 1273.0 188
227.1094 1274.0 188
228.6694 2117.0 188
229.0594 2129.0 188
229.8395 2236.0 188
230.2295 2223.0 188
232.1851 573.0 188
232.5751 572.0 188
232.9651 571.0 188
233.3551 571.0 188
233.7341 572.0 188
234.1241 572.0 188
234.5142 568.0 188
234.9042 563.0 188
235.2942 561.0 188
235.6842 559.0 188
236.0742 557.0 188
236.4642 557.0 188
236.8542 556.0 188
237.2498 551.0 188
237.6398 543.0 188
238.0298 542.0 188
238.4198 544.0 188
238.8098 543.0 188
239.1998 542.0 188
239.5898 542.0 188
239.9799 540.0 188
240.3699 538.0 188
240.7654 536.0 188
241.1554 537.0 188
241.5454 536.0 188
241.9189 531.0 188
242.3090 529.0 188
242.6990 526.0 188
243.0890 523.0 188
243.4790 526.0 188
243.8745 529.0 188
244.2645 527.0 188
244.6545 524.0 188
245.0446 523.0 188
245.4346 523.0 188
245.8246 524.0 188
246.2146 523.0 188
246.6046 523.0 188
246.9946 521.0 188
247.3901 519.0 188
247.7802 515.0 188
248.1702 511.0 188
248.5602 513.0 188
248.9502 516.0 188
249.3402 511.0 188
249.7302 503.0 188
250.1202 498.0 188
250.5103 497.0 188
250.9058 498.0 188
251.2958 497.0 188
251.6858 496.0 188
252.0758 497.0 188
252.4658 500.0 188
252.8558 501.0 188
253.2458 497.0 188
253.6359 492.0 188
254.0259 491.0 188
254.4214 491.0 188
254.8114 488.0 188
255.2014 487.0 188
255.5914 487.0 188
255.9814 484.0 188
256.3715 484.0 188
256.7615 491.0 188
257.5305 488.0 188
257.9205 481.0 188
258.3105 479.0 188
258.7006 478.0 188
259.0906 481.0 188
259.8706 478.0 188
260.2606 474.0 188
260.6561 472.0 188
261.0461 470.0 188
261.4362 471.0 188
261.8262 472.0 188
262.2162 474.0 188
262.6062 479.0 188
262.9962 480.0 188
263.3862 478.0 188
263.7762 477.0 188
264.1718 476.0 188
264.5618 476.0 188
264.9353 477.0 188
265.7153 474.0 188
266.1053 471.0 188
266.4954 472.0 188
266.8854 473.0 188
267.2809 474.0 188
267.6709 476.0 188
268.0609 476.0 188
268.4509 476.0 188
268.8409 475.0 188
271.1865 940.0 188
271.5765 946.0 188
271.9666 954.0 188
272.3566 956.0 188
272.7466 956.0 188
273.1366 956.0 188
273.9166 942.0 188
274.3121 934.0 188
275.8722 927.0 188
276.2622 916.0 188
276.6522 919.0 188
277.0422 926.0 188
277.4323 937.0 188
278.9978 531.0 188
279.3878 529.0 188
279.7778 528.0 188
280.1678 534.0 188
280.5579 544.0 188
282.9034 5438.0 188
283.2935 5422.0 188
283.6835 5409.0 188
284.0735 5423.0 188
284.4635 5427.0 188
287.1991 3916.0 188
287.5891 3935.0 188
287.9791 3951.0 188
288.3856 3954.0 188
288.7811 3942.0 188
289.5612 3697.0 188
289.9512 3674.0 188
290.3412 3633.0 188
290.7312 3591.0 188
292.2968 3379.0 188
294.2468 1789.0 188
294.6368 1791.0 188
295.0269 1800.0 188
297.3724 3807.0 188
297.7625 3815.0 188
298.1525 3830.0 188
298.5425 3828.0 188
300.8881 1898.0 188
301.2781 1901.0 188
302.0581 1994.0 188
303.6237 1325.0 188
304.0302 1322.0 188
304.4202 1324.0 188
304.8102 1331.0 188
306.7603 1160.0 188
307.1558 1160.0 188
308.7158 1677.0 188
311.0614 1473.0 188
311.4514 1473.0 188
311.8414 1468.0 188
312.2314 1463.0 188
312.6215 1478.0 188
313.0115 1517.0 188
313.4015 1543.0 188
313.7915 1533.0 188
314.1870 1514.0 188
314.5770 1505.0 188
315.3571 1532.0 188
315.7471 1566.0 188
316.1371 1576.0 188
316.5271 1586.0 188
316.9171 1595.0 188
318.0927 1817.0 188
318.4827 1820.0 188
318.8727 1828.0 188
319.2627 1837.0 188
319.6527 1846.0 188
320.0427 1859.0 188
320.4327 1870.0 188
320.8228 1877.0 188
321.2183 1878.0 188
321.6083 1866.0 188
323.5748 879.0 188
323.9648 881.0 188
324.3549 888.0 188
326.3269 1758.0 188
326.7169 1761.0 188
328.2935 1470.0 188
328.6835 1462.0 188
329.0735 1450.0 188
329.4635 1449.0 188
329.8590 1460.0 188
330.2655 1477.0 188
330.6555 1494.0 188
331.0455 1507.0 188
331.4355 1502.0 188
332.2156 1408.0 188
332.6056 1406.0 188
333.0121 1399.0 188
333.4021 1395.0 188
333.7921 1390.0 188
334.1821 1380.0 188
334.5776 1379.0 188
334.9677 1381.0 188
335.3741 1375.0 188
335.7642 1366.0 188
336.1542 1361.0 188
336.5442 1358.0 188
336.9342 1345.0 188
337.3242 1331.0 188
338.8898 1439.0 188
339.6863 1457.0 188
340.0763 1470.0 188
340.4663 1462.0 188
340.8563 1456.0 188
341.2463 1459.0 188
341.6364 1476.0 188
342.0264 1498.0 188
342.4219 1525.0 188
343.9984 2940.0 188
344.3884 2971.0 188
344.7784 3017.0 188
345.1685 3015.0 188
345.5585 2986.0 188
347.1240 2519.0 188
347.5305 2529.0 188
349.0906 2828.0 188
349.8706 2924.0 188
350.2606 2922.0 188
350.6561 2929.0 188
351.0571 2935.0 188
351.4526 2920.0 188
351.8427 2898.0 188
352.2327 2885.0 188
352.6392 2890.0 188
353.0292 2896.0 188
353.4192 2884.0 188
353.8092 2870.0 188
354.2157 2869.0 188
354.6057 2875.0 188
354.9957 2872.0 188
355.4022 2864.0 188
355.7922 2865.0 188
356.1823 2867.0 188
356.5778 2861.0 188
356.9843 2855.0 188
357.3743 2858.0 188
357.7643 2865.0 188
358.1543 2864.0 188
358.5608 2856.0 188
358.9508 2852.0 188
359.3408 2850.0 188
